jisoo : 91.5, 2.692582403567252
mansoo : 87.25, 9.03811374126261
